0.000000000000000000e+00 4.677734981047176888e-01
1.000000000000000000e+00 1.090949836426924335e+00
2.000000000000000000e+00 2.365161665535597812e+00
3.000000000000000000e+00 4.771488023735126482e+00
4.000000000000000000e+00 8.968602177036455458e+00
5.000000000000000000e+00 1.572992070502849948e+01
6.000000000000000000e+00 2.578990352923393914e+01
7.000000000000000000e+00 3.961439091520738742e+01
8.000000000000000000e+00 5.716076449533311887e+01
9.000000000000000000e+00 7.772974107895210238e+01
1.000000000000000000e+01 9.999999999999994316e+01
1.100000000000000000e+01 1.222702589210477697e+02
1.200000000000000000e+01 1.428392355046667888e+02
1.300000000000000000e+01 1.603856090847925486e+02
1.400000000000000000e+01 1.742100964707660182e+02
1.500000000000000000e+01 1.842700792949714526e+02
1.600000000000000000e+01 1.910313978229635268e+02
1.700000000000000000e+01 1.952285119762648833e+02
1.800000000000000000e+01 1.976348383344643764e+02
1.900000000000000000e+01 1.989090501635730845e+02
2.000000000000000000e+01 2.000000000000000000e+02
2.100000000000000000e+01 2.008000000000000114e+02
2.200000000000000000e+01 2.031999999999999886e+02
2.300000000000000000e+01 2.072000000000000171e+02
2.400000000000000000e+01 2.128000000000000114e+02
2.500000000000000000e+01 2.200000000000000284e+02
2.600000000000000000e+01 2.288000000000000114e+02
2.700000000000000000e+01 2.392000000000000455e+02
2.800000000000000000e+01 2.511999999999999886e+02
2.900000000000000000e+01 2.648000000000000114e+02
3.000000000000000000e+01 2.828000000000000114e+02
3.100000000000000000e+01 3.008000000000000114e+02
3.200000000000000000e+01 3.188000000000000114e+02
3.300000000000000000e+01 3.368000000000000114e+02
3.400000000000000000e+01 3.548000000000000114e+02
3.500000000000000000e+01 3.728000000000000114e+02
3.600000000000000000e+01 3.908000000000000114e+02
3.700000000000000000e+01 4.088000000000000114e+02
3.800000000000000000e+01 4.268000000000000682e+02
3.900000000000000000e+01 4.490702589210478664e+02
4.000000000000000000e+01 4.696392355046668854e+02
4.100000000000000000e+01 4.871856090847925884e+02
4.200000000000000000e+01 5.010100964707660864e+02
4.300000000000000000e+01 5.110700792949715492e+02
4.400000000000000000e+01 5.178313978229634813e+02
4.500000000000000000e+01 5.220285119762648947e+02
4.600000000000000000e+01 5.244348383344644162e+02
4.700000000000000000e+01 5.257090501635731243e+02
